Node #  x coord.  y coord.  z coord.      RX      RY      RZ
     2  125.7236 -125.7236    0.0000    0.00  166.94    6.32
    23  135.2002 -115.4719    0.0000    0.00    0.00   12.64
    24  143.8432 -104.5082    0.0000    0.00    0.00   12.64
    25  151.5994  -92.9002    0.0000    0.00    0.00   12.64
    26  158.4210  -80.7195    0.0000    0.00    0.00   12.64
    27  164.2658  -68.0411    0.0000    0.00    0.00   12.64
    28  169.0978  -54.9432    0.0000    0.00    0.00   12.64
    29  172.8874  -41.5066    0.0000    0.00    0.00   12.64
    30  175.6110  -27.8140    0.0000    0.00    0.00   12.64
    31  177.2519  -13.9500    0.0000    0.00    0.00   12.64
    32  177.8000    0.0000    0.0000    0.00    0.00   12.64
    33  177.2519   13.9500    0.0000    0.00    0.00   12.64
    34  175.6110   27.8140    0.0000    0.00    0.00   12.64
    35  172.8874   41.5066    0.0000    0.00    0.00   12.64
    36  169.0978   54.9432    0.0000    0.00    0.00   12.64
    37  164.2658   68.0411    0.0000    0.00    0.00   12.64
    38  158.4210   80.7195    0.0000    0.00    0.00   12.64
    39  151.5994   92.9002    0.0000    0.00    0.00   12.64
    40  143.8432  104.5082    0.0000    0.00    0.00   12.64
    41  135.2002  115.4719    0.0000    0.00    0.00   12.64
    22  125.7236  125.7236    0.0000  166.94    0.00    6.32
   483  125.7236 -125.7236   19.6850    0.00  166.94   -6.32
   484  135.2002 -115.4719   19.6850    0.00    0.00  -12.64
   485  143.8432 -104.5082   19.6850    0.00    0.00  -12.64
   486  151.5994  -92.9002   19.6850    0.00    0.00  -12.64
   487  158.4210  -80.7195   19.6850    0.00    0.00  -12.64
   488  164.2658  -68.0411   19.6850    0.00    0.00  -12.64
   489  169.0978  -54.9432   19.6850    0.00    0.00  -12.64
   490  172.8874  -41.5066   19.6850    0.00    0.00  -12.64
   491  175.6110  -27.8140   19.6850    0.00    0.00  -12.64
   492  177.2519  -13.9500   19.6850    0.00    0.00  -12.64
   493  177.8000    0.0000   19.6850    0.00    0.00  -12.64
   494  177.2519   13.9500   19.6850    0.00    0.00  -12.64
   495  175.6110   27.8140   19.6850    0.00    0.00  -12.64
   496  172.8874   41.5066   19.6850    0.00    0.00  -12.64
   497  169.0978   54.9432   19.6850    0.00    0.00  -12.64
   498  164.2658   68.0411   19.6850    0.00    0.00  -12.64
   499  158.4210   80.7195   19.6850    0.00    0.00  -12.64
   500  151.5994   92.9002   19.6850    0.00    0.00  -12.64
   501  143.8432  104.5082   19.6850    0.00    0.00  -12.64
   502  135.2002  115.4719   19.6850    0.00    0.00  -12.64
   463  125.7236  125.7236   19.6850  166.94    0.00   -6.32
