  Node:        R    THETA        Z
        125.7236 125.7236   0.0000
******
 lambda       UR       UT       UZ
 0.0000   0.0000   0.0000   0.0000
 0.1000   8.2188  -0.0000   0.0000
 0.2000  17.4309  -0.0000   0.0000
 0.3000  27.8475  -0.0000   0.0000
 0.4000  39.7498  -0.0000   0.0000
 0.5000  53.5268  -0.0000   0.0000
 0.6000  69.7376  -0.0000   0.0000
 0.7000  89.2284  -0.0000   0.0000
 0.8000 113.3712  -0.0000   0.0000
 0.9000 144.6166  -0.0000   0.0000
 1.0000 188.0620  -0.0000   0.0000
------
  Node:        R    THETA        Z
        125.7236 125.7236  19.6850
******
 lambda       UR       UT       UZ
 0.0000   0.0000   0.0000   0.0000
 0.1000   8.2188  -0.0000   0.0000
 0.2000  17.4309  -0.0000   0.0000
 0.3000  27.8475  -0.0000   0.0000
 0.4000  39.7498  -0.0000   0.0000
 0.5000  53.5268  -0.0000   0.0000
 0.6000  69.7376  -0.0000   0.0000
 0.7000  89.2284  -0.0000   0.0000
 0.8000 113.3712  -0.0000   0.0000
 0.9000 144.6166  -0.0000   0.0000
 1.0000 188.0620  -0.0000   0.0000
