  Node:        X        Y        Z
        177.8000   0.0000   0.0000
******
 lambda       UX       UY       UZ
 0.0000   0.0000   0.0000   0.0000
 0.1000   8.7632  -0.0000   0.0000
 0.2000  18.6219  -0.0000   0.0000
 0.3000  29.7654  -0.0000   0.0000
 0.4000  42.4154  -0.0000   0.0000
 0.5000  56.8301  -0.0000   0.0000
 0.6000  73.3016  -0.0000   0.0000
 0.7000  92.1439  -0.0000   0.0000
 0.8000 113.6654  -0.0000   0.0000
 0.9000 138.1203  -0.0000   0.0000
 1.0000 165.6421  -0.0000   0.0000
------
  Node:        X        Y        Z
        177.8000   0.0000  19.6850
******
 lambda       UX       UY       UZ
 0.0000   0.0000   0.0000   0.0000
 0.1000   8.7632  -0.0000   0.0000
 0.2000  18.6219  -0.0000   0.0000
 0.3000  29.7654  -0.0000   0.0000
 0.4000  42.4154  -0.0000   0.0000
 0.5000  56.8301  -0.0000   0.0000
 0.6000  73.3016  -0.0000   0.0000
 0.7000  92.1439  -0.0000   0.0000
 0.8000 113.6654  -0.0000   0.0000
 0.9000 138.1203  -0.0000   0.0000
 1.0000 165.6421  -0.0000   0.0000
