Path along x-axis
     Tx      Ty      Tz     Txy     Tyz     Txz  TMises    TInt
 1.7437  0.0003  0.0001  0.0010 -0.0000  0.0000  1.7435  1.7437
 1.7437  0.0003  0.0001  0.0020 -0.0000  0.0000  1.7435  1.7436
 1.7436  0.0003  0.0001  0.0040 -0.0000  0.0000  1.7435  1.7436
 1.7436  0.0003  0.0001  0.0060 -0.0000  0.0000  1.7434  1.7435
 1.7434  0.0004  0.0001  0.0081 -0.0000  0.0000  1.7433  1.7434
 1.7433  0.0004  0.0001  0.0101 -0.0000  0.0000  1.7432  1.7433
 1.7431  0.0004  0.0001  0.0122 -0.0000  0.0000  1.7430  1.7431
 1.7429  0.0005  0.0001  0.0144 -0.0000  0.0000  1.7428  1.7430
 1.7426  0.0005  0.0001  0.0165 -0.0000  0.0000  1.7426  1.7427
 1.7424  0.0006  0.0001  0.0187 -0.0000  0.0000  1.7424  1.7425
 1.7420  0.0006  0.0001  0.0210 -0.0000  0.0000  1.7421  1.7422
 1.7417  0.0007  0.0001  0.0233 -0.0000  0.0000  1.7418  1.7420
 1.7413  0.0008  0.0001  0.0257 -0.0000  0.0000  1.7415  1.7417
 1.7409  0.0009  0.0001  0.0282 -0.0000  0.0000  1.7412  1.7413
 1.7405  0.0010  0.0001  0.0307 -0.0000  0.0000  1.7408  1.7410
 1.7400  0.0011  0.0001  0.0334 -0.0000  0.0000  1.7404  1.7406
 1.7395  0.0012  0.0001  0.0361 -0.0000  0.0000  1.7400  1.7402
 1.7390  0.0013  0.0001  0.0389 -0.0000  0.0000  1.7396  1.7398
 1.7385  0.0015  0.0001  0.0419 -0.0000  0.0000  1.7392  1.7394
 1.7379  0.0017  0.0001  0.0449 -0.0000  0.0000  1.7388  1.7390
 1.7373  0.0018  0.0001  0.0481 -0.0000  0.0000  1.7383  1.7385
 1.7367  0.0021  0.0001  0.0514 -0.0000  0.0000  1.7379  1.7381
 1.7360  0.0023  0.0001  0.0548 -0.0000  0.0000  1.7374  1.7377
 1.7354  0.0026  0.0001  0.0584 -0.0000  0.0000  1.7370  1.7372
 1.7347  0.0028  0.0001  0.0622 -0.0000  0.0000  1.7365  1.7368
 1.7340  0.0032  0.0001  0.0661 -0.0000  0.0000  1.7361  1.7364
 1.7332  0.0035  0.0001  0.0702 -0.0000  0.0000  1.7357  1.7360
 1.7325  0.0039  0.0001  0.0745 -0.0000  0.0000  1.7353  1.7356
 1.7317  0.0043  0.0001  0.0790 -0.0000  0.0000  1.7349  1.7352
 1.7310  0.0048  0.0001  0.0837 -0.0000  0.0000  1.7346  1.7349
 1.7302  0.0054  0.0001  0.0887 -0.0000  0.0000  1.7343  1.7346
 1.7294  0.0059  0.0001  0.0939 -0.0000  0.0000  1.7340  1.7344
 1.7286  0.0066  0.0001  0.0993 -0.0001  0.0000  1.7338  1.7342
 1.7278  0.0073  0.0002  0.1050 -0.0001 -0.0000  1.7337  1.7340
 1.7270  0.0081  0.0002  0.1111 -0.0001 -0.0000  1.7336  1.7340
 1.7262  0.0090  0.0002  0.1174 -0.0001 -0.0000  1.7336  1.7340
 1.7254  0.0100  0.0002  0.1240 -0.0001 -0.0000  1.7337  1.7342
 1.7246  0.0111  0.0002  0.1311 -0.0001 -0.0000  1.7339  1.7344
 1.7239  0.0123  0.0002  0.1385 -0.0001 -0.0000  1.7343  1.7348
 1.7231  0.0137  0.0002  0.1463 -0.0001 -0.0000  1.7348  1.7353
 1.7224  0.0152  0.0002  0.1545 -0.0001 -0.0000  1.7355  1.7360
 1.7217  0.0169  0.0002  0.1632 -0.0001 -0.0000  1.7363  1.7369
 1.7210  0.0188  0.0002  0.1724 -0.0001 -0.0000  1.7374  1.7380
 1.7203  0.0209  0.0003  0.1822 -0.0001 -0.0000  1.7387  1.7394
 1.7197  0.0233  0.0003  0.1926 -0.0001 -0.0000  1.7403  1.7411
 1.7192  0.0259  0.0003  0.2036 -0.0001 -0.0000  1.7423  1.7431
 1.7187  0.0289  0.0003  0.2153 -0.0001 -0.0000  1.7446  1.7454
 1.7183  0.0323  0.0003  0.2279 -0.0001 -0.0000  1.7474  1.7483
 1.7180  0.0361  0.0003  0.2413 -0.0001 -0.0000  1.7507  1.7516
 1.7178  0.0405  0.0004  0.2558 -0.0001 -0.0000  1.7546  1.7556
 1.7177  0.0455  0.0004  0.2714 -0.0001 -0.0000  1.7591  1.7602
 1.7177  0.0512  0.0004  0.2882 -0.0002 -0.0000  1.7646  1.7658
 1.7179  0.0578  0.0005  0.3066 -0.0002 -0.0000  1.7710  1.7723
 1.7184  0.0655  0.0005  0.3267 -0.0002 -0.0001  1.7788  1.7802
 1.7190  0.0745  0.0006  0.3488 -0.0002 -0.0001  1.7878  1.7893
 1.7202  0.0853  0.0006  0.3735 -0.0002 -0.0001  1.7992  1.8009
 1.7212  0.0982  0.0007  0.4010 -0.0003 -0.0001  1.8123  1.8142
 1.7238  0.1141  0.0006  0.4330 -0.0003 -0.0001  1.8301  1.8323
 1.7253  0.1340  0.0011  0.4688 -0.0004 -0.0002  1.8496  1.8521
 1.7310  0.1598  0.0006  0.5139 -0.0004 -0.0001  1.8806  1.8836
 1.7323  0.1944  0.0020  0.5647 -0.0006 -0.0004  1.9118  1.9155
 1.7460  0.2457 -0.0001  0.6402 -0.0007 -0.0005  1.9773  1.9822
 1.7441  0.3267  0.0050  0.7277 -0.0010 -0.0002  2.0389  2.0462
 1.7793  0.5379 -0.0058  0.9517 -0.0052 -0.0058  2.2867  2.3008
 1.7322  0.7881 -0.0118  1.0729 -0.0070 -0.0127  2.3959  2.4442
